1741667521297 0.9566522836685181 0
1741667573164 0.9862024188041687 1
1741667625457 0.9887239336967468 2
1741667678690 0.9914154410362244 3
1741667731904 0.99269038438797 4
1741667785293 0.9924637079238892 5
1741667838498 0.9943619966506958 6
1741667891765 0.9960618615150452 7
1741667944956 0.9950419068336487 8
1741667998101 0.9958918690681458 9
1741668051096 0.9960335493087769 10
1741668104401 0.9954385757446289 11
1741668158878 0.9956652522087097 12
1741668211633 0.9963452219963074 13
1741668263971 0.9974501132965088 14
1741668316958 0.9972801208496094 15
1741668370612 0.9972518086433411 16
1741668425950 0.99711012840271 17
1741668480234 0.9969968199729919 18
1741668533986 0.9973934888839722 19
