1741667521297 0.32710105180740356 0
1741667573164 0.08241496980190277 1
1741667625457 0.05870983004570007 2
1741667678690 0.046988051384687424 3
1741667731904 0.03962384909391403 4
1741667785293 0.037994395941495895 5
1741667838498 0.03147359564900398 6
1741667891765 0.02558256685733795 7
1741667944956 0.02758432924747467 8
1741667998101 0.02587318792939186 9
1741668051096 0.02292802184820175 10
1741668104401 0.02625177428126335 11
1741668158878 0.0233136136084795 12
1741668211633 0.023752830922603607 13
1741668263971 0.018118878826498985 14
1741668316958 0.017910249531269073 15
1741668370612 0.017282849177718163 16
1741668425950 0.01737380586564541 17
1741668480234 0.017119579017162323 18
1741668533986 0.015646133571863174 19
