1741677443843 0.8889424204826355 0
1741677546813 0.9601949453353882 1
1741677644546 0.9682409167289734 2
1741677742124 0.9765419363975525 3
1741677839008 0.977788507938385 4
1741677948256 0.9829447269439697 5
1741678049308 0.9842479825019836 6
1741678158349 0.9856361746788025 7
1741678258208 0.9881293177604675 8
1741678357308 0.9891775250434875 9
1741678456582 0.9905374646186829 10
1741678551999 0.9920106530189514 11
1741678647904 0.9903674721717834 12
1741678759865 0.992548942565918 13
1741678871700 0.9909340739250183 14
1741678977045 0.9923789501190186 15
1741679077681 0.9921523332595825 16
1741679183967 0.9937955141067505 17
1741679282655 0.9931439161300659 18
1741679380906 0.9936255216598511 19
