1741677443843 0.5805482864379883 0
1741677546813 0.1967582255601883 1
1741677644546 0.159099280834198 2
1741677742124 0.1215246245265007 3
1741677839008 0.11390320956707001 4
1741677948256 0.0921621024608612 5
1741678049308 0.0820934921503067 6
1741678158349 0.07855977863073349 7
1741678258208 0.06817438453435898 8
1741678357308 0.06440461426973343 9
1741678456582 0.05499573051929474 10
1741678551999 0.04890879988670349 11
1741678647904 0.05440518632531166 12
1741678759865 0.04383670538663864 13
1741678871700 0.050614677369594574 14
1741678977045 0.04801357910037041 15
1741679077681 0.044957660138607025 16
1741679183967 0.03561690077185631 17
1741679282655 0.03964051976799965 18
1741679380906 0.038524024188518524 19
