1741673944060 0.8688557147979736 0
1741674041829 0.9445561766624451 1
1741674140596 0.9578434228897095 2
1741674238342 0.96571946144104 3
1741674336373 0.9675893187522888 4
1741674434915 0.9718106389045715 5
1741674533214 0.9777035117149353 6
1741674631806 0.9814148545265198 7
1741674730777 0.9823781251907349 8
1741674829712 0.9848428964614868 9
1741674927889 0.9853811860084534 10
1741675026587 0.9863727688789368 11
1741675125079 0.9877610206604004 12
1741675223129 0.9871377348899841 13
1741675321988 0.988412618637085 14
1741675420646 0.9894891977310181 15
1741675519708 0.990084171295166 16
1741675618065 0.9896308183670044 17
1741675715731 0.991132378578186 18
1741675815220 0.9907357692718506 19
