1741673944060 0.6313847899436951 0
1741674041829 0.2501581013202667 1
1741674140596 0.19569186866283417 2
1741674238342 0.1570453643798828 3
1741674336373 0.145507350564003 4
1741674434915 0.13944967091083527 5
1741674533214 0.10795684903860092 6
1741674631806 0.09203830361366272 7
1741674730777 0.09099821001291275 8
1741674829712 0.07797657698392868 9
1741674927889 0.07185880094766617 10
1741675026587 0.0705646276473999 11
1741675125079 0.066185861825943 12
1741675223129 0.06458941102027893 13
1741675321988 0.06338079273700714 14
1741675420646 0.05644778534770012 15
1741675519708 0.05219957232475281 16
1741675618065 0.05767578259110451 17
1741675715731 0.04732246696949005 18
1741675815220 0.05083050951361656 19
