1741664057576 0.9286888241767883 0
1741664109363 0.9732831120491028 1
1741664161027 0.9820376038551331 2
1741664213835 0.9872506856918335 3
1741664266588 0.9896588921546936 4
1741664319362 0.992577075958252 5
1741664371858 0.9933136701583862 6
1741664424673 0.9944753050804138 7
1741664477786 0.9957785606384277 8
1741664531235 0.9966285228729248 9
1741664583834 0.9974218010902405 10
1741664636811 0.9973084926605225 11
1741664690647 0.998328447341919 12
1741664744571 0.998441755771637 13
1741664798113 0.9981867671012878 14
1741664851329 0.9985834360122681 15
1741664904327 0.998441755771637 16
1741664957122 0.9988100528717041 17
1741665010066 0.9988950490951538 18
1741665063195 0.9988384246826172 19
