1741664057576 0.24596324563026428 0
1741664109363 0.10039602965116501 1
1741664161027 0.06739871948957443 2
1741664213835 0.048695117235183716 3
1741664266588 0.037645258009433746 4
1741664319362 0.027142588049173355 5
1741664371858 0.02281484194099903 6
1741664424673 0.018602948635816574 7
1741664477786 0.014058040454983711 8
1741664531235 0.011828428134322166 9
1741664583834 0.009577937424182892 10
1741664636811 0.008642117492854595 11
1741664690647 0.006192701403051615 12
1741664744571 0.0056990450248122215 13
1741664798113 0.0060164364986121655 14
1741664851329 0.004621522035449743 15
1741664904327 0.005036929622292519 16
1741664957122 0.0037440212909132242 17
1741665010066 0.003365481970831752 18
1741665063195 0.004376913420855999 19
